  QueueTimes | ServiceTimes | SojournTimes

    3016.906 |      409.357 |     3426.263
     760.842 |      542.610 |     1303.452
     555.046 |      459.616 |     1014.662
       0.313 |     1583.485 |     1583.798
     375.947 |     1132.411 |     1508.357
      72.188 |     1705.969 |     1778.157
    1729.649 |     1006.054 |     2735.704
    2337.970 |     1432.628 |     3770.599
    2358.408 |      529.426 |     2887.834
    2433.293 |     1002.652 |     3435.945
       0.282 |     1234.374 |     1234.656
       0.296 |      957.116 |      957.411
     882.045 |     1161.008 |     2043.053
       0.318 |     1894.181 |     1894.499
    1321.183 |      524.965 |     1846.149
    1196.646 |      572.798 |     1769.443
    1448.083 |     1062.792 |     2510.874
    2328.884 |     1811.843 |     4140.727
    1861.450 |      905.806 |     2767.256
    2704.911 |     1250.215 |     3955.125
    3253.074 |     2025.562 |     5278.635
    4894.496 |      220.799 |     5115.294
    4434.281 |      676.191 |     5110.472
    5015.443 |      515.870 |     5531.313
    5454.839 |     1127.901 |     6582.739
    6098.134 |      978.382 |     7076.516
    4625.357 |     1694.833 |     6320.190
    5695.875 |     1001.254 |     6697.130
    6645.864 |     1423.589 |     8069.453
    6599.024 |     2043.472 |     8642.497
    8508.656 |     1071.867 |     9580.522
    8414.427 |      823.283 |     9237.710
    8244.803 |     1334.445 |     9579.247
    8286.891 |      649.624 |     8936.515
    6742.246 |     1049.202 |     7791.449
    7425.826 |      709.225 |     8135.051
    7415.179 |     2487.879 |     9903.058
    8032.560 |     1534.228 |     9566.788
    7724.814 |     1575.470 |     9300.284
    8763.552 |      414.674 |     9178.226
    8547.367 |     1411.103 |     9958.470
    9762.169 |     1080.498 |    10842.668
    9994.986 |     1930.803 |    11925.789
   11892.258 |      343.528 |    12235.786
   11545.784 |      409.978 |    11955.762
   10576.411 |     1709.261 |    12285.672
   10071.817 |      382.665 |    10454.482
    8609.218 |     1274.182 |     9883.401
    9644.303 |     1062.236 |    10706.539
   10566.846 |      651.552 |    11218.398
   10897.509 |      712.014 |    11609.522
   11074.713 |     1122.063 |    12196.776
   10959.658 |     1295.583 |    12255.241
   11981.039 |     1003.326 |    12984.365
   12602.439 |     1745.340 |    14347.779
   13292.159 |      414.896 |    13707.055
   12563.502 |      648.152 |    13211.654
   12721.193 |     1527.499 |    14248.692
   14089.197 |     1426.289 |    15515.485
   13647.625 |     2447.510 |    16095.135
   12985.027 |     1977.873 |    14962.900
   14802.653 |      373.992 |    15176.645
   14651.202 |      701.604 |    15352.806
   14520.782 |     1824.660 |    16345.442
   15675.145 |     1664.495 |    17339.640
   14093.102 |      456.562 |    14549.664
   14326.968 |     1052.804 |    15379.772
   14387.596 |      490.434 |    14878.030
   13824.732 |     1012.080 |    14836.812
   13211.997 |     1195.845 |    14407.842
   13760.862 |     1638.921 |    15399.783
   15172.700 |     1257.807 |    16430.508
   14111.188 |     1520.877 |    15632.065
   15479.029 |      915.187 |    16394.216
   15866.205 |     1175.113 |    17041.318
   14872.935 |     1043.052 |    15915.987
   15739.114 |     1121.006 |    16860.120
   16405.586 |     1596.178 |    18001.763
   17856.755 |     1731.964 |    19588.719
   18981.288 |      706.281 |    19687.569
   19085.685 |     1847.221 |    20932.906
   18249.557 |     1282.922 |    19532.479
   19290.216 |     1087.690 |    20377.907
   17981.994 |      980.601 |    18962.594
   16990.424 |     1377.702 |    18368.127
   17663.090 |     1251.570 |    18914.661
   17213.441 |     1425.486 |    18638.927
   18018.686 |     1487.634 |    19506.320
   18504.748 |     1541.146 |    20045.894
   18304.752 |      724.140 |    19028.891
   17817.702 |     3102.379 |    20920.081
   17831.998 |      741.216 |    18573.214
   18231.803 |      436.390 |    18668.193
   17945.870 |      910.068 |    18855.938
   18321.548 |      683.647 |    19005.195
   16913.256 |      610.220 |    17523.476
   16215.217 |     2010.636 |    18225.854
   16968.453 |      477.842 |    17446.296
   16220.428 |     1772.167 |    17992.595
   17973.392 |      306.058 |    18279.450
   17535.172 |     1748.190 |    19283.362
   19216.123 |     1709.114 |    20925.238
   20254.102 |     2297.866 |    22551.968
   21406.219 |     1096.778 |    22502.997
   20018.567 |      501.884 |    20520.451
   18313.100 |     1041.283 |    19354.383
   19204.578 |      473.298 |    19677.876
   15134.640 |     2385.986 |    17520.627
   16930.068 |      244.684 |    17174.752
   16451.962 |     1116.587 |    17568.549
   16989.343 |     1358.374 |    18347.717
   16704.538 |      298.686 |    17003.224
   16765.666 |      537.786 |    17303.452
   17136.784 |      889.133 |    18025.917
   17067.998 |      367.304 |    17435.302
   17434.530 |      836.177 |    18270.706
   16971.296 |      583.275 |    17554.570
   17013.872 |     1290.745 |    18304.618
   17163.490 |      331.797 |    17495.287
   15684.936 |      917.706 |    16602.642
   14838.397 |     1581.363 |    16419.760
   16334.588 |     1197.059 |    17531.646
   16538.640 |      695.791 |    17234.431
   16994.305 |     2682.914 |    19677.218
   19184.958 |      924.322 |    20109.280
   17161.566 |      238.658 |    17400.224
   17086.705 |      637.990 |    17724.695
   17390.667 |      475.588 |    17866.255
   16334.528 |     1083.164 |    17417.692
   17086.327 |      915.650 |    18001.977
   17990.714 |      879.397 |    18870.111
   14781.743 |     2174.980 |    16956.723
   15243.572 |     1025.632 |    16269.204
   15761.606 |     1950.726 |    17712.333
   17517.779 |      358.960 |    17876.739
   17705.228 |     1006.805 |    18712.033
   18414.860 |     1748.581 |    20163.440
   20056.393 |     1603.140 |    21659.534
   20652.559 |     1614.986 |    22267.544
   20684.105 |     1072.736 |    21756.841
   20358.776 |     1407.602 |    21766.378
   20762.972 |     2357.200 |    23120.172
   22208.428 |      549.369 |    22757.798
   22374.039 |      726.540 |    23100.579
   22975.762 |     1060.143 |    24035.905
   23289.191 |     1492.365 |    24781.557
   23894.998 |     1634.105 |    25529.103
   24315.213 |      935.222 |    25250.435
   25074.231 |     4016.633 |    29090.864
   27123.257 |     1700.550 |    28823.807
   28010.147 |     1156.407 |    29166.554
   28786.843 |      474.301 |    29261.144
   28509.317 |     1171.669 |    29680.986
   28794.067 |     1088.846 |    29882.913
   29319.434 |     3979.240 |    33298.674
   32836.379 |      362.430 |    33198.809
   32606.788 |     1740.092 |    34346.880
   33856.253 |     1881.050 |    35737.303
   35655.970 |     1509.700 |    37165.670
   36872.869 |     1254.113 |    38126.982
   36999.385 |      889.858 |    37889.243
   36585.157 |     1954.000 |    38539.158
   35643.324 |     1120.045 |    36763.369
   33947.369 |     1207.128 |    35154.496
   34537.625 |      651.556 |    35189.181
   34106.507 |     2003.534 |    36110.040
   35179.676 |     1342.117 |    36521.792
   36358.920 |      728.620 |    37087.540
   36666.346 |      726.833 |    37393.179
   36653.459 |     1220.278 |    37873.737
   37858.784 |      765.789 |    38624.573
   37594.721 |      692.184 |    38286.905
   35787.811 |      489.184 |    36276.995
   32767.648 |      915.049 |    33682.697
   31825.083 |      943.245 |    32768.328
   32160.102 |     1147.867 |    33307.968
   33285.764 |     1057.644 |    34343.408
   33116.127 |     1053.574 |    34169.701
   33595.983 |     1127.462 |    34723.445
   33330.388 |      438.180 |    33768.568
   32579.006 |      500.094 |    33079.100
   31677.338 |      563.765 |    32241.103
   32236.995 |     2690.834 |    34927.829
   34844.648 |     1144.701 |    35989.349
   33653.305 |      957.405 |    34610.710
   33237.727 |      252.035 |    33489.762
   33483.506 |     1164.765 |    34648.271
   33917.581 |     1671.174 |    35588.754
   34803.535 |      203.303 |    35006.838
   34763.825 |      401.825 |    35165.650
   34179.967 |     1362.885 |    35542.852
   34307.436 |      922.866 |    35230.302
   34901.522 |     2353.821 |    37255.342
   36790.401 |     1712.124 |    38502.524
   38131.373 |     3139.337 |    41270.710
   41161.241 |     2487.546 |    43648.787
   42153.359 |     3119.745 |    45273.105
   45216.346 |     1027.714 |    46244.060
   46069.468 |      462.914 |    46532.382
   46180.066 |     1331.385 |    47511.451
   46861.845 |      419.620 |    47281.465
   46547.654 |     1565.752 |    48113.406
   47950.621 |      887.280 |    48837.901
   47044.146 |      459.155 |    47503.300
   46641.183 |     1177.172 |    47818.355
   47416.227 |      302.105 |    47718.332
   43384.575 |     1003.408 |    44387.983
   44386.486 |     1662.215 |    46048.701
   46018.982 |      667.074 |    46686.057
   46013.536 |     1534.171 |    47547.708
   46204.795 |     1868.597 |    48073.391
   47305.062 |     1100.881 |    48405.943
   48275.378 |     1464.263 |    49739.641
   49531.162 |     1335.473 |    50866.635
   49914.514 |     1319.629 |    51234.143
   51099.659 |     1044.808 |    52144.467
   49064.843 |      413.348 |    49478.191
   47657.529 |      892.933 |    48550.462
   48250.791 |      641.526 |    48892.317
   48340.196 |     1012.073 |    49352.269
   47070.443 |      625.643 |    47696.086
   46266.514 |     1122.055 |    47388.568
   46787.487 |     1263.906 |    48051.393
   46956.349 |      313.701 |    47270.050
   47034.995 |     1027.903 |    48062.897
   47271.208 |     1636.155 |    48907.363
   48713.982 |     1090.460 |    49804.442
   49239.098 |     1540.761 |    50779.860
   49617.071 |      251.889 |    49868.960
   48059.912 |     1016.141 |    49076.053
   45451.376 |     1982.735 |    47434.111
   47350.423 |      189.913 |    47540.336
   46073.208 |      657.753 |    46730.961
   46443.187 |     1529.208 |    47972.395
   46506.702 |     2351.253 |    48857.955
   47474.762 |      839.919 |    48314.681
   47170.130 |     1846.518 |    49016.648
   48979.708 |      705.401 |    49685.109
   49434.610 |     1096.207 |    50530.817
   49473.603 |     1597.463 |    51071.066
   50606.822 |     1130.113 |    51736.935
   51470.875 |     1196.615 |    52667.490
   52486.174 |     1965.528 |    54451.701
   54277.801 |     1912.720 |    56190.521
   55105.949 |     1179.288 |    56285.236
   53306.329 |      869.390 |    54175.718
   53205.500 |     1309.689 |    54515.189
   54497.221 |     3421.974 |    57919.195
   56639.636 |      660.628 |    57300.263
   57245.251 |     1428.622 |    58673.873
   57941.742 |      871.001 |    58812.743
   58745.286 |      692.045 |    59437.330
   55657.333 |     1281.988 |    56939.321
   56540.410 |      935.380 |    57475.790
   56116.155 |     1006.252 |    57122.407
   56934.536 |     1089.629 |    58024.165
   55215.395 |      675.001 |    55890.397
   55596.197 |      795.683 |    56391.881
   56259.768 |      371.752 |    56631.520
   56457.187 |     1272.349 |    57729.536
   57618.516 |     1572.329 |    59190.845
   58731.224 |     1587.775 |    60318.998
   59922.785 |     1221.936 |    61144.721
   60285.029 |     1486.125 |    61771.154
   60351.468 |      744.880 |    61096.348
   59893.233 |     1859.822 |    61753.054
   59016.102 |      872.305 |    59888.407
   59438.970 |     1147.486 |    60586.456
   59979.466 |     1102.430 |    61081.896
   60807.011 |     1327.063 |    62134.073
   61586.743 |     1127.824 |    62714.567
   62372.524 |     1005.657 |    63378.180
   63134.441 |      388.162 |    63522.602
   62773.116 |      416.046 |    63189.162
   61196.825 |      388.639 |    61585.464
   60342.285 |      881.735 |    61224.019
   60741.545 |     1934.913 |    62676.457
   62060.867 |      624.788 |    62685.655
   61099.347 |     2956.752 |    64056.099
   64052.979 |      763.020 |    64815.999
   63723.402 |      484.053 |    64207.455
   64000.840 |     2858.105 |    66858.944
   66715.165 |     1542.964 |    68258.129
   65338.651 |      836.655 |    66175.306
   65244.124 |     2021.893 |    67266.017
   66839.190 |      658.949 |    67498.139
   66785.653 |     2932.547 |    69718.200
   67920.495 |      920.334 |    68840.830
   68441.293 |      622.111 |    69063.404
   68064.491 |      661.885 |    68726.376
   68684.198 |     1133.710 |    69817.908
   68361.050 |     1051.221 |    69412.271
   68679.878 |     1933.922 |    70613.801
   70364.854 |     2680.387 |    73045.241
   72952.187 |     2056.133 |    75008.319
   73782.672 |      910.496 |    74693.168
   74389.797 |     2945.647 |    77335.444
   76860.218 |     1206.635 |    78066.853
   77802.215 |     1094.318 |    78896.533
   78262.703 |      448.016 |    78710.719
   74928.140 |      292.614 |    75220.754
   75186.009 |     1395.614 |    76581.623
   76549.581 |     2750.483 |    79300.064
   78404.704 |     1469.412 |    79874.116
   79474.411 |      822.462 |    80296.873
   79528.004 |      830.740 |    80358.744
   79842.028 |      838.902 |    80680.931
   77272.532 |     1196.273 |    78468.805
   76447.635 |      606.751 |    77054.386
   76893.868 |     1953.008 |    78846.876
   77826.657 |     1521.898 |    79348.555
   76661.675 |     1160.138 |    77821.814
   76132.383 |     2267.039 |    78399.422
   77549.007 |      262.082 |    77811.089
   74906.207 |      844.925 |    75751.132
   75582.333 |     1411.989 |    76994.322
   76573.436 |      487.455 |    77060.891
   76959.480 |     1585.025 |    78544.505
   78521.981 |     1945.435 |    80467.416
   78523.483 |     1949.046 |    80472.530
   79350.189 |     1276.997 |    80627.186
   79428.450 |      256.312 |    79684.761
   79471.715 |      774.602 |    80246.317
   79821.995 |      958.626 |    80780.621
   80629.073 |      536.184 |    81165.257
   80914.736 |      264.179 |    81178.915
   80297.070 |      460.685 |    80757.755
   80731.223 |     1581.541 |    82312.764
   80875.932 |      231.333 |    81107.265
   81026.889 |      860.733 |    81887.622
   79290.742 |     1007.912 |    80298.654
   79735.874 |     1176.440 |    80912.315
   79133.084 |      956.090 |    80089.175
   79168.880 |      718.016 |    79886.896
   79154.376 |      258.499 |    79412.875
   79236.928 |      912.483 |    80149.411
   79295.389 |     1500.337 |    80795.726
   80037.771 |      329.122 |    80366.893
   79267.211 |      350.353 |    79617.563
   78821.969 |     2009.883 |    80831.852
   79729.458 |     1018.748 |    80748.207
   79900.714 |     1973.210 |    81873.925
   81291.873 |      579.127 |    81871.000
   81173.369 |      509.143 |    81682.512
   81650.464 |     1631.403 |    83281.868
   82543.720 |      520.131 |    83063.851
   83028.286 |     1958.832 |    84987.118
   84873.856 |     1435.571 |    86309.427
   85506.992 |     1253.706 |    86760.698
   85816.365 |      884.694 |    86701.059
   85222.611 |      938.237 |    86160.848
   85494.086 |      582.917 |    86077.004
   84883.102 |      712.382 |    85595.485
   84928.426 |     1233.081 |    86161.508
   84922.208 |     1126.162 |    86048.371
   85724.618 |      766.267 |    86490.885
   86162.338 |      618.868 |    86781.207
   86025.294 |     1805.798 |    87831.092
   87562.821 |     1389.706 |    88952.527
   88042.651 |     2730.662 |    90773.313
   88244.545 |     1419.608 |    89664.153
   87942.922 |      545.172 |    88488.094
   88226.490 |     1269.838 |    89496.329
   87198.633 |      791.107 |    87989.739
   86935.700 |     3309.415 |    90245.115
   87497.360 |     1327.542 |    88824.902
   86867.718 |     1496.724 |    88364.442
   85318.965 |      536.914 |    85855.880
   85724.815 |     1055.904 |    86780.719
   85568.607 |     1455.141 |    87023.748
   86909.894 |     1379.253 |    88289.147
   88184.032 |      511.751 |    88695.783
   88273.383 |      404.069 |    88677.452
   87260.310 |      609.468 |    87869.777
   87468.283 |     2273.448 |    89741.731
   88890.452 |     1063.028 |    89953.480
   89727.363 |     1171.029 |    90898.391
   87235.365 |     1288.276 |    88523.641
   87846.843 |     1908.280 |    89755.123
   88120.951 |     1353.057 |    89474.008
   89300.300 |      985.744 |    90286.044
   90124.483 |      349.721 |    90474.203
   89995.275 |      388.530 |    90383.805
   89832.049 |      931.685 |    90763.734
   89710.315 |     1059.416 |    90769.732
   90707.854 |     1686.011 |    92393.865
   90114.543 |     1051.717 |    91166.260
   88851.558 |     1236.229 |    90087.787
   89900.620 |     1074.234 |    90974.855
   90943.058 |     1196.002 |    92139.061
   91400.576 |      882.980 |    92283.556
   91959.072 |     1595.581 |    93554.653
   92670.762 |      824.983 |    93495.745
   91825.130 |      842.669 |    92667.799
   89856.654 |     1631.929 |    91488.583
   90621.549 |     1447.754 |    92069.303
   89942.619 |     1296.853 |    91239.472
   91029.455 |     1720.968 |    92750.423
   91481.442 |      388.799 |    91870.241
   91794.678 |      464.288 |    92258.966
